502
 863
 -31
 646
 1127
 598
 -53
 1044
 1034
 848
 7608
 531
 -53
 847
 386
 555
 686
 562
 633
 793
 863
 862
 -13
 721
 723
 62
 136
 626
 62
 2860
 522
 950
 112
 762
 577
 859
 117
 40
 -14
 692
 484
 1369
 -4
 737
 394
 178
 336
 3301
 606
 919
 2374
 695
 621
 691
 -287
 337
 193
 347
 504
 149
 551
 917
 933
 1628
 424
 6706
 752
 928
 -22
 212
 567
 352
 991
 735
 245
 714
 319
 -55
 0
 584
 719
 2550
 953
 8293
 1291
 632
 110
 930
 439
 705
 965
 213
 762
 876
 385
 1741
 205
 504
 69
 550
 