730
731
731
730
731
730
730
730
730
731
731
730
731
731
730
730
730
731
730
730
730
730
731
730
731
731
730
730
730
730
731
730
731
731
732
730
730
730
730
731
730
731
732
731
731
731
730
730
730
730
730
730
731
730
730
730
732
730
730
731
730
731
730
730
731
730
731
730
730
730
730
730
730
730
731
730
730
731
731
730
730
731
731
730
730
731
731
731
731
732
730
730
730
732
730
731
731
730
730
730
